
===POPULATION GEN 0===
Best individual(s) found in the population:
[ 103 177 26 174 36 45 121 134 1 54 147 132 15 139 18 89 129 76 197 65 151 97 63 161 169 188 12 88 38 112 148 193 58 2 79 173 33 44 49 109 55 86 157 150 19 17 24 183 4 167 176 72 37 41 158 127 25 47 77 57 195 108 170 91 146 8 153 143 42 115 93 124 107 23 101 62 114 117 191 172 28 67 51 162 21 5 53 141 198 102 160 95 69 136 152 180 20 35 135 105 116 137 10 159 94 119 145 75 78 60 99 50 46 100 85 7 187 123 34 190 125 61 84 39 96 110 118 111 83 80 178 175 185 22 182 59 179 27 156 168 166 81 133 3 92 13 138 31 128 189 104 164 68 32 52 186 0 126 199 192 155 144 122 29 43 163 6 73 48 120 171 106 82 194 70 149 90 113 142 196 87 131 74 130 64 181 56 184 40 98 16 9 66 14 154 30 71 11 140 165 ]
[ 32 80 175 77 163 56 184 70 15 146 110 195 106 49 98 121 72 167 118 188 113 142 133 185 10 35 134 116 119 97 40 61 91 132 30 69 19 82 148 198 128 76 190 83 7 173 2 17 62 107 52 192 155 151 149 86 55 112 48 117 42 122 174 25 11 28 92 57 95 63 24 71 159 93 194 162 50 23 135 183 64 68 12 94 177 34 46 130 129 181 161 102 4 26 81 138 1 84 41 37 196 36 3 79 78 85 153 9 54 18 180 166 44 16 158 176 140 43 136 189 197 104 165 156 193 66 154 172 125 20 186 13 199 109 139 150 178 157 65 90 160 14 126 89 100 179 131 74 22 170 145 141 96 111 45 127 124 115 27 103 147 171 88 51 187 6 120 8 105 101 191 143 137 75 31 38 33 152 169 123 73 5 99 60 39 67 53 29 58 182 108 21 164 144 59 87 0 168 47 114 ]
The best fo for this population is: 105.00000000

===POPULATION GEN 1===
Best individual(s) found in the population:
[ 34 58 146 75 64 132 107 182 181 82 21 30 156 50 190 77 108 142 195 103 36 11 141 121 119 144 79 28 84 191 33 54 143 114 122 41 10 9 101 118 22 1 5 92 169 6 31 85 171 42 40 80 165 134 45 152 126 94 74 48 179 194 73 185 109 139 24 163 100 8 106 189 184 38 68 168 151 192 76 17 138 93 59 174 67 52 137 63 124 135 149 89 111 183 0 15 96 187 55 197 66 127 196 102 186 57 60 14 69 157 159 47 23 37 180 172 4 19 72 113 35 104 128 150 120 148 153 166 154 90 78 71 39 129 70 26 125 88 86 117 98 12 105 161 16 44 155 53 176 177 140 43 2 175 199 131 29 27 170 83 158 136 20 81 46 56 147 97 130 133 173 51 145 112 91 49 95 7 164 116 3 18 65 62 87 13 99 25 198 162 115 110 123 188 193 167 178 61 160 32 ]
The best fo for this population is: 96.00000000

===POPULATION GEN 3===
Best individual(s) found in the population:
[ 34 58 146 75 64 132 107 182 181 82 21 30 156 50 190 77 108 142 195 103 36 11 141 121 119 144 79 28 84 191 33 54 143 114 122 41 10 9 101 118 22 1 5 92 169 6 31 91 73 42 40 80 165 134 45 152 126 94 74 48 179 194 171 185 109 139 24 163 100 8 106 189 184 38 68 168 151 192 76 17 138 93 59 174 67 52 137 63 124 135 149 89 111 183 0 15 96 187 55 197 66 127 196 102 186 57 60 14 69 157 159 47 23 37 180 172 4 19 72 113 35 104 128 150 120 148 153 166 154 90 78 71 39 129 70 26 125 88 86 117 98 12 105 161 16 44 155 53 176 177 140 43 2 164 199 131 29 27 170 83 158 136 20 81 46 56 147 97 130 133 173 51 145 112 85 49 95 7 175 116 3 18 65 62 87 13 99 25 198 162 115 110 123 188 193 167 178 61 160 32 ]
The best fo for this population is: 95.00000000

===POPULATION GEN 5===
Best individual(s) found in the population:
[ 34 58 146 75 64 132 107 182 181 82 21 30 156 50 190 77 108 142 195 103 36 11 141 121 119 144 79 28 84 191 33 54 143 114 122 41 10 9 101 118 22 1 5 48 169 6 31 85 73 42 40 80 165 134 45 152 126 94 74 92 179 194 171 185 109 139 24 163 100 8 153 189 184 38 68 168 151 192 76 17 138 93 59 174 67 52 137 63 124 135 149 89 111 133 0 15 96 187 55 197 66 127 196 102 186 57 60 14 69 157 159 47 23 37 180 172 4 19 72 113 35 104 128 150 120 148 106 166 154 90 78 71 39 129 70 26 125 88 86 117 98 12 105 161 16 44 155 53 176 177 140 43 2 175 199 131 29 27 170 83 158 136 20 81 46 56 147 97 130 183 173 51 3 112 91 49 95 7 164 116 145 18 65 62 87 13 99 25 198 162 115 110 123 188 193 167 178 61 160 32 ]
The best fo for this population is: 94.00000000

===POPULATION GEN 6===
Best individual(s) found in the population:
[ 9 58 146 75 64 132 107 182 181 82 21 30 156 50 190 77 108 142 195 103 36 11 141 121 119 144 79 28 84 191 33 54 143 114 122 41 10 34 101 118 22 1 124 92 169 6 31 85 171 42 40 80 165 134 45 152 126 94 74 48 179 194 73 185 109 139 24 163 100 8 106 189 184 38 68 168 151 192 76 17 138 93 59 70 69 52 137 63 5 135 149 89 111 183 0 15 96 187 55 197 66 127 196 102 186 57 147 23 16 67 148 60 46 157 180 172 4 19 72 113 35 104 158 150 120 159 153 25 154 90 47 71 39 129 174 26 125 88 86 117 98 12 105 161 78 49 128 199 178 62 133 51 53 81 13 131 29 27 170 83 44 136 20 130 56 167 14 188 99 37 18 95 145 116 61 65 140 7 164 97 3 155 177 112 87 91 110 166 198 162 115 43 123 2 193 175 176 160 173 32 ]
The best fo for this population is: 87.00000000

===POPULATION GEN 10===
Best individual(s) found in the population:
[ 83 58 146 75 64 132 107 182 181 82 21 91 156 50 190 77 108 142 195 103 36 11 141 121 119 189 79 44 84 191 33 54 143 114 122 41 10 38 101 118 22 1 5 92 147 6 31 81 73 42 40 80 165 134 45 152 126 94 74 48 179 194 171 185 109 139 24 163 100 8 106 144 184 116 68 168 151 192 76 17 138 93 59 174 67 28 137 63 124 135 149 89 111 183 0 15 96 187 55 197 66 127 196 102 186 57 60 14 69 157 159 47 23 37 180 172 4 19 72 113 35 104 158 150 120 34 153 25 154 90 16 71 39 129 169 26 125 88 86 117 98 12 105 161 78 49 128 199 178 62 133 51 53 46 13 131 29 27 170 9 148 136 20 130 56 167 70 188 99 52 18 95 145 85 61 65 140 7 164 97 3 155 177 112 87 30 110 166 198 162 115 43 123 2 193 175 176 160 173 32 ]
The best fo for this population is: 78.00000000

===POPULATION GEN 11===
Best individual(s) found in the population:
[ 83 58 146 75 64 132 107 182 181 82 21 91 156 50 95 77 108 142 195 103 36 11 97 121 119 189 79 44 84 191 33 54 143 114 105 41 10 38 101 118 22 1 5 92 147 6 31 81 73 42 40 80 165 134 45 152 126 94 74 48 179 194 171 185 109 139 24 163 100 8 106 144 184 116 68 168 151 192 76 17 138 93 59 174 67 28 137 63 124 135 149 89 111 183 0 15 96 187 55 197 66 127 12 102 186 57 60 14 23 157 159 47 69 37 180 172 4 19 72 113 35 104 158 150 120 34 153 25 154 90 16 71 39 129 169 26 125 88 86 117 98 196 122 161 78 49 128 199 178 62 133 51 53 46 13 131 29 27 170 9 148 136 20 130 56 167 70 188 99 52 18 190 145 85 61 65 140 7 164 141 3 155 177 112 87 30 110 166 198 162 115 43 123 2 193 175 176 160 173 32 ]
The best fo for this population is: 76.00000000

===POPULATION GEN 14===
Best individual(s) found in the population:
[ 83 58 146 170 64 132 107 182 181 82 21 91 156 50 190 77 108 142 195 103 36 11 141 121 119 189 79 44 84 191 33 54 143 114 122 41 10 38 101 118 22 1 5 92 147 6 27 81 73 42 145 80 165 134 45 152 126 94 74 48 179 194 104 185 109 139 24 163 100 8 106 56 184 75 68 168 151 192 76 17 138 93 39 70 69 52 137 63 97 135 149 89 159 183 0 186 14 111 55 59 66 127 196 171 15 57 30 23 16 67 37 60 46 157 180 172 4 19 72 95 35 167 128 150 120 173 153 25 154 90 47 71 197 129 174 26 125 88 86 62 98 12 105 161 113 49 78 199 178 61 133 51 53 34 13 20 160 169 40 130 110 158 176 29 177 85 131 102 148 124 112 140 28 96 117 2 155 7 164 116 3 18 65 136 87 31 99 166 198 162 115 43 123 188 193 175 9 187 144 32 ]
The best fo for this population is: 73.00000000

===POPULATION GEN 18===
Best individual(s) found in the population:
[ 83 58 146 75 64 132 107 182 181 82 21 91 156 50 190 77 108 142 195 103 36 11 20 121 119 189 79 44 84 191 33 54 143 114 122 41 10 38 101 118 22 1 151 92 178 6 31 28 73 42 40 80 165 134 45 152 67 94 74 48 179 194 171 185 109 139 24 163 100 8 106 137 184 144 68 168 5 192 47 17 138 93 59 174 126 52 81 63 124 135 149 89 111 183 0 15 96 187 55 197 66 127 196 102 186 57 147 23 78 116 148 60 46 157 180 18 4 19 72 113 35 104 158 150 120 34 153 25 154 90 16 71 39 129 169 26 125 37 86 117 98 12 76 161 167 49 128 199 188 62 70 51 53 88 13 131 29 27 14 130 110 69 176 193 177 85 30 56 97 9 112 140 159 141 173 2 155 7 164 145 3 95 65 136 87 160 105 166 198 162 115 43 123 133 99 175 170 172 61 32 ]
The best fo for this population is: 69.00000000

===POPULATION GEN 21===
Best individual(s) found in the population:
[ 83 58 146 170 64 132 107 182 181 82 21 30 156 50 190 77 108 142 195 103 36 11 141 121 119 189 79 44 84 191 33 54 143 114 122 41 10 38 101 118 22 1 5 92 147 6 27 81 73 42 145 80 165 134 45 152 126 94 74 48 179 194 104 185 109 139 24 163 100 8 106 56 184 75 68 168 151 192 76 17 138 93 59 174 67 52 137 63 97 135 149 89 159 183 0 186 14 111 55 39 66 127 196 171 15 57 91 23 16 69 37 60 46 157 180 172 4 19 72 95 35 167 128 150 120 173 153 25 154 90 47 71 197 129 70 26 125 88 86 62 98 12 105 161 113 49 78 199 178 61 133 51 53 34 13 20 160 169 40 130 110 158 176 29 177 85 131 102 148 124 112 140 28 96 117 2 155 7 164 116 3 18 65 136 87 31 99 166 198 162 115 43 123 188 193 175 9 187 144 32 ]
[ 83 58 146 75 64 132 107 182 181 82 21 91 156 50 95 77 108 142 195 103 36 11 97 121 119 189 79 44 84 94 33 54 143 114 105 41 10 38 101 118 22 1 5 92 147 6 31 81 73 42 40 80 165 134 45 152 126 190 74 2 179 194 171 185 109 100 24 163 139 8 174 170 184 116 68 168 151 192 76 17 138 93 129 106 115 160 137 63 124 135 149 89 159 183 0 186 14 37 55 102 66 127 196 113 15 57 158 23 16 96 148 60 69 157 180 172 25 19 72 67 35 167 128 150 120 173 153 4 154 90 47 71 197 59 104 26 125 9 86 117 98 12 27 161 78 49 111 199 178 48 133 29 62 46 13 131 51 7 191 53 169 136 20 130 56 187 70 188 99 52 18 39 145 85 61 65 140 34 164 141 3 155 177 112 87 30 110 166 198 162 122 43 123 88 193 175 176 28 144 32 ]
The best fo for this population is: 68.00000000

===POPULATION GEN 25===
Best individual(s) found in the population:
[ 83 58 146 75 64 132 107 182 181 82 77 91 156 50 190 21 108 142 154 103 36 11 20 121 119 189 79 44 84 191 33 54 143 166 122 41 10 38 149 118 22 1 5 92 147 6 27 81 73 42 40 80 165 134 45 152 67 94 74 48 179 194 171 185 109 139 24 163 100 8 106 137 184 196 68 168 114 192 47 17 138 93 59 174 126 52 124 63 31 135 151 89 111 183 0 15 96 187 55 197 66 127 144 102 186 57 28 23 78 116 148 60 46 157 180 18 4 19 72 113 35 104 158 150 120 34 153 25 195 90 16 71 39 129 169 26 125 172 86 117 98 12 76 161 167 49 128 199 188 62 70 51 53 88 13 131 29 178 159 130 110 69 176 193 177 85 30 56 97 9 112 140 37 141 173 2 155 7 164 145 3 95 65 136 87 160 105 101 198 162 115 43 123 133 99 175 170 14 61 32 ]
The best fo for this population is: 67.00000000

===POPULATION GEN 27===
Best individual(s) found in the population:
[ 83 58 146 170 64 132 107 182 181 82 21 30 156 50 190 77 108 142 195 103 36 11 141 121 119 189 79 44 84 191 33 54 143 114 122 41 10 38 101 118 22 1 5 92 147 6 27 81 73 42 145 80 165 134 45 152 126 94 74 48 179 194 104 185 109 139 24 163 100 8 106 56 184 75 68 168 151 192 76 17 138 93 59 174 67 52 137 63 97 135 149 78 159 183 0 186 14 111 55 39 66 127 196 171 15 57 70 23 16 69 37 60 46 157 180 172 4 19 31 95 35 167 128 150 120 173 153 25 154 90 47 71 197 129 112 26 125 88 86 62 98 12 105 161 113 49 72 199 178 61 133 51 53 34 13 20 160 169 40 130 110 158 176 29 177 85 131 102 148 124 89 140 28 96 117 2 155 7 164 116 3 18 65 136 87 91 99 166 198 162 115 43 123 188 193 175 9 187 144 32 ]
[ 83 58 146 170 64 132 107 182 181 82 21 91 156 50 190 77 108 142 195 103 36 59 141 121 119 189 79 44 84 191 33 54 143 55 122 41 10 38 149 118 22 1 5 92 147 6 27 81 73 42 145 80 165 134 45 152 126 94 168 48 28 194 104 185 109 139 24 163 100 8 106 56 184 75 68 113 151 192 76 17 138 93 11 174 67 101 137 63 124 135 179 89 159 183 0 186 14 37 166 102 66 127 196 78 15 57 158 23 16 96 171 60 46 157 180 172 4 19 72 95 35 167 128 150 120 173 153 25 154 90 47 71 197 129 70 26 125 88 86 62 98 12 105 161 74 49 97 199 178 61 133 51 53 34 13 20 160 169 40 130 110 2 176 29 177 85 131 188 99 30 112 140 39 69 117 111 155 7 164 116 3 18 65 136 87 31 148 114 198 162 115 43 123 52 193 175 9 187 144 32 ]
The best fo for this population is: 66.00000000

===POPULATION GEN 30===
Best individual(s) found in the population:
[ 83 58 146 1 64 132 107 182 181 82 21 30 156 50 190 77 108 142 195 103 36 59 141 121 119 189 79 44 84 191 33 54 143 114 122 41 10 38 101 118 22 170 5 92 147 6 27 81 73 42 145 80 165 134 45 152 126 94 74 48 63 194 104 185 109 139 24 163 100 8 106 56 184 75 188 168 151 192 76 17 138 93 148 174 67 52 137 179 97 135 149 78 159 183 0 186 14 111 55 39 66 127 196 171 15 57 140 23 16 69 37 60 46 157 180 172 4 19 72 158 35 167 128 150 120 173 153 25 154 90 47 71 197 129 112 26 125 88 86 62 98 12 105 161 11 49 166 199 178 61 133 51 53 34 13 20 160 169 40 130 110 89 176 29 177 85 131 102 113 124 95 70 28 96 117 2 155 7 164 116 3 18 65 136 87 31 99 91 198 162 115 43 123 68 193 175 9 187 144 32 ]
[ 83 58 146 170 64 132 107 182 181 82 21 91 156 50 0 77 108 142 195 103 36 59 141 121 119 189 79 44 84 191 33 54 143 52 122 41 10 179 101 118 22 1 5 92 147 6 27 81 73 42 145 80 165 134 45 152 126 94 74 48 38 194 104 185 109 139 24 163 100 8 106 56 184 75 68 168 151 192 76 17 138 93 99 174 67 114 137 63 97 135 149 78 159 183 190 186 14 111 55 39 66 127 196 171 15 57 70 23 16 69 37 60 46 157 180 172 4 19 31 95 35 167 128 150 120 173 153 25 154 90 47 71 197 129 158 26 125 88 86 62 98 12 105 161 178 188 113 199 89 61 133 51 53 34 13 20 160 169 40 130 110 72 176 29 177 85 131 102 148 124 112 140 28 96 117 2 155 7 164 116 3 18 65 136 87 166 144 9 198 162 115 43 123 30 193 175 49 187 11 32 ]
[ 83 58 146 170 64 132 107 182 181 96 21 30 156 50 190 77 108 142 195 103 36 11 141 121 119 189 79 44 84 191 33 54 143 114 122 41 10 38 43 118 22 1 5 92 147 6 27 81 73 74 145 80 165 134 45 152 126 94 42 48 179 194 104 185 109 139 24 163 100 8 106 56 184 75 68 168 151 192 76 17 138 93 59 174 67 52 137 63 97 135 149 78 159 183 0 186 14 111 55 39 66 127 196 171 15 57 70 23 16 69 37 60 46 157 180 172 4 19 72 95 35 167 128 150 120 173 153 25 154 90 47 71 197 129 112 26 125 88 86 62 98 12 105 161 113 49 169 199 178 61 133 51 53 34 13 82 160 31 40 130 110 91 176 29 177 85 131 102 148 124 20 140 28 158 117 2 155 7 164 116 3 18 65 136 87 101 99 166 198 162 115 89 123 188 193 175 9 187 144 32 ]
The best fo for this population is: 63.00000000

===POPULATION GEN 31===
Best individual(s) found in the population:
[ 83 105 146 170 64 132 107 182 144 82 21 91 156 50 190 77 108 142 195 103 179 11 141 121 119 189 79 44 84 191 33 54 143 166 122 41 10 38 101 118 22 1 5 92 147 6 27 81 73 42 145 80 165 134 45 152 126 94 74 48 36 194 104 185 109 139 24 163 100 8 106 56 184 75 68 168 151 192 76 17 138 93 59 174 67 52 137 63 97 135 149 78 159 183 0 186 14 111 55 39 66 127 196 171 15 57 140 23 16 69 37 60 46 157 180 172 4 19 72 58 35 167 128 150 120 173 153 25 154 90 47 71 197 129 112 26 125 88 86 62 98 12 95 161 113 49 30 199 178 61 133 51 53 34 13 96 160 169 40 130 110 158 176 29 177 85 131 102 148 124 89 70 28 20 117 2 155 7 164 116 3 18 65 136 87 9 99 114 198 162 115 43 123 188 193 175 31 187 181 32 ]
[ 83 58 146 170 64 132 107 182 181 82 21 30 156 50 190 77 108 142 195 103 36 59 141 121 119 179 79 44 84 191 33 54 143 114 122 41 10 38 101 118 22 1 5 92 147 6 27 81 73 42 145 80 165 134 45 152 126 94 148 48 189 194 104 185 192 139 24 163 100 8 106 56 184 75 68 168 151 109 76 17 138 93 89 174 39 52 137 63 97 135 149 78 159 183 0 186 14 111 55 67 66 127 196 171 15 57 70 23 16 69 37 60 46 157 95 112 4 19 72 113 35 166 158 150 120 173 198 25 154 90 47 71 197 129 11 26 125 88 86 62 98 12 105 161 167 49 172 199 178 61 133 51 53 34 13 20 160 169 40 130 110 128 176 29 177 85 131 102 74 124 180 140 28 96 117 2 155 7 164 116 3 18 65 136 87 31 99 91 153 162 115 43 123 188 193 175 9 187 144 32 ]
The best fo for this population is: 62.00000000

===POPULATION GEN 32===
Best individual(s) found in the population:
[ 83 105 146 170 64 132 107 182 181 74 21 91 156 50 190 77 108 142 195 103 36 59 141 121 119 189 79 44 84 163 33 54 143 114 122 41 10 38 101 118 22 1 5 92 147 6 27 81 73 42 145 80 165 134 45 152 126 76 82 48 179 194 104 162 109 139 24 191 100 8 106 56 184 75 68 168 151 192 94 17 138 93 11 174 67 52 137 63 97 135 149 78 159 183 0 186 14 111 55 39 66 127 196 171 15 57 140 23 16 69 37 60 46 157 180 172 4 19 72 58 35 167 128 150 120 173 153 25 154 90 47 71 197 129 112 26 125 88 86 62 98 12 95 161 113 49 30 199 178 61 133 51 53 34 13 96 160 169 40 130 110 158 176 29 177 85 131 102 148 124 89 70 28 20 117 2 155 7 164 116 3 18 65 136 87 9 99 185 198 144 115 43 123 188 193 175 31 187 166 32 ]
The best fo for this population is: 59.00000000

===POPULATION GEN 35===
Best individual(s) found in the population:
[ 83 105 146 170 64 132 107 182 181 74 21 91 156 50 190 77 108 142 195 103 36 59 141 121 119 189 79 44 84 163 33 54 143 114 122 41 10 38 101 118 40 1 5 92 147 6 27 81 73 42 145 80 165 134 45 152 126 30 82 48 179 194 104 162 109 139 24 191 100 8 106 56 184 75 68 168 151 192 94 17 138 93 11 174 67 52 137 63 97 135 149 78 159 183 0 186 14 111 55 87 66 127 196 171 15 57 140 23 16 69 37 60 46 157 180 172 4 19 72 158 35 167 128 150 120 173 153 25 154 90 47 71 197 129 112 26 125 88 86 62 98 12 95 161 113 49 76 199 178 61 133 51 53 34 13 96 160 169 22 130 110 58 176 29 177 85 131 102 148 124 89 70 28 20 117 2 155 7 164 116 3 18 65 136 39 9 99 185 198 144 115 43 123 188 193 175 31 187 166 32 ]
The best fo for this population is: 56.00000000

===POPULATION GEN 41===
Best individual(s) found in the population:
[ 83 105 146 170 64 132 107 182 181 74 21 91 156 50 190 77 108 142 195 103 36 59 141 121 111 189 79 44 84 163 33 54 143 114 122 41 10 38 173 118 40 1 5 92 147 6 27 81 73 42 145 80 165 134 45 152 126 30 82 48 179 194 104 162 109 139 24 191 100 8 106 56 184 75 68 168 151 192 94 17 138 93 11 174 67 52 137 63 97 135 149 78 159 183 0 186 14 119 55 87 66 127 196 171 15 57 140 23 16 69 37 60 46 157 180 172 4 19 72 158 35 167 128 150 120 101 153 25 154 90 47 71 197 129 112 26 125 88 86 62 98 12 95 161 113 49 76 199 178 61 133 51 53 34 13 96 160 169 22 130 110 58 176 29 177 85 131 102 148 124 89 70 28 20 117 2 155 7 164 116 3 18 65 136 39 9 99 185 198 144 115 43 123 188 193 175 31 187 166 32 ]
The best fo for this population is: 55.00000000

===POPULATION GEN 46===
Best individual(s) found in the population:
[ 83 105 146 170 64 132 107 182 181 74 21 91 156 50 190 77 108 142 195 103 36 59 141 121 26 189 79 44 84 163 33 54 143 114 122 41 10 38 101 118 40 1 5 92 147 6 27 81 73 42 145 80 165 134 45 152 126 30 82 48 179 194 104 162 109 139 24 191 100 8 106 56 184 75 68 168 151 192 94 17 138 93 11 174 67 52 137 63 97 135 149 78 159 183 0 186 14 119 55 87 66 127 196 171 15 57 140 23 16 69 37 60 46 157 180 172 4 19 72 158 35 167 128 150 120 111 153 25 154 90 47 71 197 129 112 173 125 88 86 62 98 12 95 161 113 49 76 199 178 61 133 51 53 34 13 96 160 169 22 130 110 58 176 29 177 85 131 102 2 124 89 70 28 20 117 148 155 7 164 116 3 18 65 136 166 9 99 144 198 31 115 43 123 188 193 175 39 187 185 32 ]
The best fo for this population is: 54.00000000

===POPULATION GEN 47===
Best individual(s) found in the population:
[ 83 105 146 170 64 132 107 182 181 74 21 91 156 50 190 77 108 142 195 103 36 59 141 121 26 189 79 185 84 163 33 54 143 114 122 41 10 38 101 118 40 1 5 92 147 6 27 81 73 42 145 80 165 134 45 152 126 30 82 48 179 194 104 162 109 139 24 191 100 8 106 56 184 75 68 168 151 192 94 17 138 93 11 174 67 52 137 63 97 135 149 78 159 183 0 186 14 119 55 87 66 127 196 171 15 57 140 23 16 69 37 60 46 157 180 172 4 19 72 158 35 167 128 150 120 111 153 25 154 90 47 71 197 129 112 173 125 88 86 62 98 12 95 161 113 49 76 199 178 61 7 51 53 34 13 96 160 169 22 130 110 58 176 29 177 85 131 102 2 124 89 70 28 20 117 148 155 133 164 116 3 18 65 136 166 9 99 144 198 31 115 43 123 188 193 175 39 187 44 32 ]
The best fo for this population is: 53.00000000

===POPULATION GEN 51===
Best individual(s) found in the population:
[ 88 105 146 170 52 132 107 182 181 74 21 91 156 50 75 77 108 142 195 103 36 59 141 121 26 189 79 185 84 163 33 54 143 114 122 41 10 38 101 118 40 1 5 92 147 6 27 81 73 42 145 80 165 134 45 152 126 30 82 48 179 194 104 162 109 139 24 191 100 8 106 56 184 190 68 168 151 192 94 17 138 93 11 174 67 64 137 63 97 135 149 78 159 183 0 186 14 119 55 87 66 127 196 171 15 57 140 23 16 69 37 60 46 157 180 172 4 19 72 158 35 167 128 150 120 111 153 25 154 90 47 71 197 129 112 173 125 83 86 62 98 12 95 161 113 49 76 199 178 61 7 51 53 34 13 96 160 169 22 130 110 58 176 29 177 85 131 102 2 124 89 70 28 20 117 148 155 133 164 116 3 18 65 136 166 9 99 144 198 31 115 43 123 188 193 175 39 187 44 32 ]
The best fo for this population is: 51.00000000

===POPULATION GEN 54===
Best individual(s) found in the population:
[ 88 105 146 170 64 132 107 182 181 74 21 91 156 50 190 77 148 142 195 103 36 59 141 121 26 189 79 44 84 163 33 54 143 188 122 41 10 38 101 118 140 1 5 92 147 6 27 81 73 42 145 80 165 134 45 152 126 30 82 48 179 194 104 162 109 139 24 191 100 8 106 56 184 75 68 168 151 192 94 17 138 93 11 174 67 52 137 63 97 135 149 78 159 183 0 186 14 119 55 87 66 127 196 171 15 57 40 23 16 69 37 60 7 157 180 172 4 19 72 158 35 167 128 150 120 111 153 25 154 90 47 71 197 129 112 173 125 83 86 62 98 12 95 161 113 49 76 199 178 61 46 51 53 34 13 96 160 169 22 130 110 58 176 29 177 85 131 102 2 124 89 70 28 20 117 108 155 133 164 116 3 18 65 136 166 9 99 144 198 31 115 43 123 185 193 175 39 187 114 32 ]
The best fo for this population is: 48.00000000

===POPULATION GEN 57===
Best individual(s) found in the population:
[ 88 105 146 170 64 132 107 182 181 74 21 91 156 50 190 77 148 142 195 103 36 59 141 121 26 189 79 44 84 163 33 54 169 188 122 41 10 38 101 118 140 1 5 92 147 6 27 81 73 42 145 80 165 134 45 152 126 30 82 48 179 194 104 162 109 139 24 191 100 8 106 56 184 75 68 168 151 192 94 17 138 93 11 174 67 52 137 63 97 135 149 78 159 183 0 186 14 119 55 87 66 127 196 171 15 57 40 23 16 69 37 60 7 157 180 172 4 19 72 158 35 167 128 150 120 102 153 25 154 90 47 71 197 129 112 185 125 83 86 62 98 12 95 161 113 49 76 199 178 61 46 51 53 34 13 96 160 143 22 130 110 58 176 29 177 85 131 111 2 124 89 70 28 20 117 108 155 133 164 116 3 18 65 136 166 9 99 144 198 31 115 43 123 114 193 175 39 187 173 32 ]
The best fo for this population is: 45.00000000

===POPULATION GEN 60===
Best individual(s) found in the population:
[ 88 105 146 170 64 132 107 182 181 74 21 91 156 50 190 77 148 142 195 103 36 59 141 121 26 189 79 44 84 163 33 54 143 188 122 41 10 38 101 118 140 1 5 92 147 6 27 81 73 42 145 80 165 134 45 152 104 30 82 48 179 194 126 162 109 139 24 191 100 8 106 56 184 75 68 168 151 192 94 17 138 93 11 174 67 52 137 63 97 135 113 78 159 183 0 186 14 119 55 87 66 127 196 171 15 57 40 23 16 69 37 60 7 157 180 172 4 19 72 158 35 167 128 150 120 102 153 25 154 90 47 71 197 129 112 185 125 83 86 62 98 12 95 161 149 49 76 199 178 61 46 51 53 34 13 96 160 169 22 130 110 58 176 29 177 85 131 111 2 124 89 70 28 20 117 108 155 133 164 116 3 18 65 136 166 9 99 144 198 31 115 43 123 114 193 175 39 187 173 32 ]
The best fo for this population is: 44.00000000

===POPULATION GEN 63===
Best individual(s) found in the population:
[ 88 105 146 170 64 132 107 182 181 74 21 91 156 50 190 77 148 142 195 103 36 59 141 121 26 189 79 44 84 163 33 54 169 188 122 41 10 38 101 118 140 1 5 92 147 6 27 81 73 42 145 80 165 134 45 152 104 30 82 48 179 194 126 162 109 139 24 191 100 8 106 56 85 75 68 168 151 192 94 17 138 93 11 174 67 52 137 63 97 135 113 78 159 183 0 186 14 119 55 87 66 155 196 171 15 57 40 23 16 69 37 60 7 157 180 172 4 19 72 158 35 167 128 150 120 102 153 25 154 90 47 71 197 129 112 185 125 83 86 62 98 12 95 161 149 49 76 199 178 61 46 51 53 34 13 96 160 143 22 130 110 58 176 29 177 184 131 111 2 124 89 70 28 20 117 108 127 133 164 116 3 18 65 136 166 9 99 144 198 31 115 43 123 114 193 175 39 187 173 32 ]
The best fo for this population is: 43.00000000

===POPULATION GEN 67===
Best individual(s) found in the population:
[ 88 105 146 170 64 132 107 182 181 74 21 91 156 50 190 77 148 142 195 103 36 59 141 121 26 189 79 44 84 163 33 54 143 188 122 41 10 38 101 118 140 1 5 92 147 6 27 81 73 42 145 80 165 134 45 152 104 30 82 48 179 194 126 162 109 139 24 191 100 8 106 56 184 75 68 168 151 192 94 17 138 93 11 174 67 52 137 63 97 135 35 78 159 183 0 186 14 119 55 87 66 155 196 171 15 57 40 23 16 69 37 60 7 157 180 172 4 19 72 158 113 167 128 150 120 102 153 25 154 90 47 71 197 129 112 185 125 83 86 62 98 12 95 161 149 49 76 199 178 61 46 51 53 34 13 96 160 85 22 130 110 58 176 29 177 169 131 111 2 124 89 70 28 20 117 108 127 133 164 116 3 18 65 136 166 9 99 144 198 31 115 43 123 114 193 175 39 187 173 32 ]
The best fo for this population is: 41.00000000

===POPULATION GEN 82===
Best individual(s) found in the population:
[ 88 105 146 170 64 132 107 182 181 74 21 91 156 50 190 77 148 142 195 90 36 59 141 121 26 189 79 44 84 163 33 54 143 188 122 41 10 38 101 118 140 1 5 92 147 6 27 81 73 42 145 80 165 134 45 152 104 30 82 48 179 194 126 162 109 139 24 191 100 8 106 56 184 75 68 168 151 192 94 17 138 93 11 174 67 52 137 63 97 135 35 78 159 183 0 186 14 119 55 87 66 155 196 171 15 57 40 23 16 69 37 60 7 157 180 172 4 19 72 158 113 167 128 150 120 102 153 25 154 103 47 71 197 129 112 185 125 83 86 62 98 12 95 161 149 49 76 199 178 61 46 51 53 34 13 96 160 85 22 130 110 58 176 29 177 169 131 111 2 124 89 70 28 20 117 108 127 133 164 116 3 18 65 136 166 9 99 144 198 31 115 43 123 114 193 175 39 187 173 32 ]
The best fo for this population is: 40.00000000

===POPULATION GEN 90===
Best individual(s) found in the population:
[ 88 105 146 170 64 132 107 182 181 74 21 91 156 50 190 77 148 142 195 90 36 59 141 121 26 189 79 44 84 163 33 54 143 188 122 41 10 38 101 118 140 1 5 92 147 6 27 81 73 157 145 80 165 134 45 152 104 30 82 48 179 194 126 162 109 139 24 191 100 8 106 56 184 75 68 168 151 192 94 17 138 93 11 174 67 52 137 63 97 135 35 78 159 183 0 186 14 119 55 87 66 155 196 171 15 57 40 23 16 69 37 60 7 42 180 172 4 19 72 158 113 167 128 150 120 153 102 25 154 103 47 71 197 129 112 185 125 83 86 62 98 12 95 161 149 49 76 199 178 61 46 51 53 34 13 96 160 85 22 130 110 58 176 29 177 169 131 111 2 124 89 70 28 20 117 108 127 133 164 116 3 18 65 136 166 9 99 144 198 31 115 43 123 114 193 175 39 187 173 32 ]
The best fo for this population is: 39.00000000

===POPULATION GEN 97===
Best individual(s) found in the population:
[ 88 105 153 170 64 132 107 182 6 74 21 91 156 50 190 77 148 142 195 90 36 59 141 121 26 189 79 44 84 163 33 54 143 188 122 41 10 38 101 118 140 1 5 92 147 181 27 81 73 157 145 80 165 134 45 152 104 30 82 48 179 94 126 162 109 139 24 191 100 8 31 56 184 75 68 168 151 192 194 17 138 93 11 174 67 52 137 63 97 135 35 78 159 183 0 186 14 119 55 87 66 155 196 171 15 57 40 23 16 69 37 60 7 42 180 172 4 19 72 158 113 167 128 150 120 146 102 25 154 103 47 71 197 129 112 185 125 83 86 62 98 12 95 161 149 49 76 199 178 61 46 51 53 34 13 96 160 85 22 130 110 58 176 29 177 169 131 111 2 124 89 70 28 20 117 108 127 133 164 116 3 18 65 136 166 9 99 144 198 106 115 43 123 114 193 175 39 187 173 32 ]
The best fo for this population is: 38.00000000

===POPULATION GEN 107===
Best individual(s) found in the population:
[ 88 105 47 170 64 132 107 182 6 173 21 91 156 50 190 77 148 142 195 90 36 59 141 121 26 189 79 44 84 163 33 54 143 188 122 41 10 38 101 118 140 1 5 92 147 181 27 81 73 157 145 80 165 134 45 152 104 30 82 48 179 94 126 162 144 139 24 191 100 8 31 56 184 75 68 168 151 192 194 17 138 93 11 174 67 52 137 63 97 135 35 78 159 183 0 186 14 119 55 87 66 155 196 171 15 57 40 23 16 69 37 60 7 42 180 172 4 19 72 158 113 167 128 150 120 146 102 25 154 103 34 71 197 129 112 185 125 83 86 62 98 12 95 161 149 49 76 199 178 61 46 51 53 153 13 96 160 85 22 130 110 58 176 29 177 169 131 111 2 124 89 70 28 20 117 108 127 133 164 116 3 18 65 136 166 9 99 109 198 106 115 43 123 114 193 175 39 187 74 32 ]
The best fo for this population is: 36.00000000

===POPULATION GEN 115===
Best individual(s) found in the population:
[ 88 105 47 170 64 132 107 182 6 173 21 91 156 50 190 77 148 142 195 90 36 59 141 121 26 189 79 44 84 163 33 54 143 188 122 41 10 38 101 118 140 1 5 92 147 181 27 81 73 157 145 80 165 134 45 152 104 30 82 48 179 94 126 162 144 139 24 191 100 8 31 56 184 75 68 168 151 192 194 17 138 93 11 174 67 52 137 63 97 135 35 78 159 183 0 186 14 119 55 87 66 120 196 171 15 57 40 23 16 69 37 60 7 42 180 172 4 19 72 158 113 167 128 150 155 146 102 25 154 103 34 71 197 129 112 185 125 83 86 62 98 12 95 161 149 49 76 199 178 61 46 51 53 153 13 96 160 85 22 130 110 58 176 29 177 169 131 111 2 124 89 70 28 20 117 108 127 133 164 116 3 18 65 136 166 9 99 109 198 106 115 43 123 114 193 175 39 187 74 32 ]
The best fo for this population is: 35.00000000

===POPULATION GEN 129===
Best individual(s) found in the population:
[ 88 105 47 170 64 132 107 182 6 173 21 91 96 50 190 77 148 142 195 90 36 59 141 121 26 189 79 44 84 163 33 54 143 188 122 41 10 38 101 118 140 1 5 92 147 181 27 81 73 157 145 80 165 134 45 152 104 30 82 48 179 94 126 162 144 139 24 191 100 8 31 56 184 75 68 168 151 192 194 17 138 93 11 174 67 52 137 63 97 135 35 78 159 183 0 186 14 119 55 87 66 120 196 171 15 57 40 23 16 69 37 60 7 42 180 172 4 19 72 158 113 167 128 150 155 146 102 25 154 103 34 71 197 129 112 185 125 83 86 62 98 12 95 161 149 49 76 199 178 61 46 51 53 153 13 156 160 85 22 130 110 58 176 29 177 169 131 111 2 124 89 70 28 20 117 108 127 133 164 116 3 18 65 136 166 9 99 109 198 106 115 43 123 114 193 175 39 187 74 32 ]
The best fo for this population is: 34.00000000

===POPULATION GEN 139===
Best individual(s) found in the population:
[ 88 105 47 170 64 132 107 182 6 173 21 91 96 50 190 77 148 142 195 90 36 59 141 121 26 189 79 44 84 163 33 54 143 188 122 41 10 38 101 118 140 24 5 92 147 181 27 81 73 157 145 80 165 134 45 152 104 30 82 48 179 94 126 162 144 139 1 191 100 8 31 56 184 75 68 168 151 192 194 17 138 93 11 174 67 52 137 63 97 135 35 78 159 183 0 186 14 119 55 87 66 120 196 171 15 57 40 23 16 69 37 60 7 42 180 172 4 19 72 158 113 167 128 150 155 146 102 25 154 103 34 71 197 129 112 185 125 83 86 62 98 12 95 161 149 49 76 199 178 61 46 51 53 153 13 156 160 85 22 130 110 58 176 29 177 169 131 111 2 124 89 70 28 20 117 108 127 133 164 116 3 18 65 136 166 9 99 109 198 106 115 43 123 114 193 175 39 187 74 32 ]
The best fo for this population is: 33.00000000

===POPULATION GEN 149===
Best individual(s) found in the population:
[ 88 105 47 170 64 132 107 182 6 173 21 91 96 50 190 77 148 142 195 90 36 59 141 121 26 189 79 44 84 163 33 54 143 116 122 41 10 38 101 118 140 24 5 92 147 181 27 81 73 157 145 80 165 134 45 152 104 30 82 48 179 94 126 162 144 139 1 191 100 8 31 56 184 115 68 168 151 192 194 17 138 93 11 174 67 52 137 63 97 135 35 78 159 183 0 186 14 119 55 87 66 120 196 171 15 57 40 23 16 69 37 60 7 42 180 172 4 19 72 158 113 167 128 150 155 146 102 25 154 103 34 71 197 129 112 185 125 83 86 62 98 12 95 161 149 49 76 199 178 61 46 51 53 153 13 156 160 85 22 130 110 58 176 29 177 169 131 111 2 124 89 70 28 20 117 108 127 133 164 188 3 18 65 136 166 9 99 109 198 106 75 43 123 114 193 175 39 187 74 32 ]
The best fo for this population is: 32.00000000

===POPULATION GEN 182===
Best individual(s) found in the population:
[ 44 105 47 170 64 132 107 182 6 173 21 91 96 103 190 77 148 142 195 90 36 59 141 121 26 189 79 88 84 163 33 54 143 116 122 41 10 38 101 118 140 24 5 92 147 181 27 81 73 157 145 80 165 134 45 152 104 30 82 48 179 94 126 162 144 139 1 191 100 8 31 56 184 115 68 168 151 192 194 17 138 93 11 174 67 52 137 63 97 135 35 78 159 183 0 186 14 119 55 87 66 120 196 171 15 57 40 23 16 69 37 60 7 42 180 172 4 19 72 158 113 167 128 150 155 146 102 25 154 50 34 71 197 129 112 185 125 83 86 62 98 12 95 161 149 49 76 199 178 61 46 51 53 153 13 156 160 85 22 130 110 58 176 29 177 169 131 111 2 124 89 70 28 20 117 108 127 133 164 188 3 18 65 136 166 9 99 109 198 106 75 43 123 114 193 175 39 187 74 32 ]
The best fo for this population is: 31.00000000

===POPULATION GEN 188===
Best individual(s) found in the population:
[ 44 105 47 170 64 132 107 182 6 173 21 91 96 103 190 77 94 142 195 90 36 59 141 121 26 189 79 88 84 163 33 54 143 116 122 41 10 38 101 118 140 24 5 92 147 181 27 81 73 157 145 80 165 134 45 152 104 30 82 48 179 148 126 162 144 139 1 191 100 8 31 56 184 115 68 168 151 192 194 17 138 93 11 174 67 52 137 63 97 135 35 78 159 183 0 186 14 119 55 87 66 120 196 171 15 57 40 23 16 69 37 60 7 42 180 172 4 19 72 158 113 167 128 150 155 146 102 25 154 176 34 71 197 129 112 185 125 83 86 62 98 12 95 161 149 49 76 199 178 61 46 51 53 153 13 156 160 85 22 130 110 58 50 29 177 169 131 111 2 124 89 70 28 20 117 108 127 133 164 188 3 18 65 136 166 9 99 109 198 106 75 43 123 114 193 175 39 187 74 32 ]
The best fo for this population is: 30.00000000

===POPULATION GEN 219===
Best individual(s) found in the population:
[ 44 105 47 170 64 132 107 182 6 173 21 91 96 103 167 29 94 142 195 90 36 59 141 121 26 189 79 88 84 163 33 54 143 116 122 41 10 38 101 118 140 24 5 92 147 181 27 81 73 157 145 80 165 134 45 152 104 30 82 48 179 148 126 162 144 139 1 191 100 8 31 56 184 115 68 168 151 192 194 17 138 93 11 174 67 52 137 63 97 135 35 78 159 183 0 186 14 119 55 87 66 120 196 171 15 57 40 23 16 69 37 60 7 42 180 172 4 19 72 158 113 190 128 150 155 146 102 25 154 176 34 71 197 129 112 185 125 83 86 62 98 12 95 161 149 49 76 199 178 61 46 51 53 153 13 156 160 85 22 130 110 58 50 77 177 169 131 111 2 124 89 70 28 20 117 108 127 133 164 188 3 18 65 136 166 9 99 109 198 106 75 43 123 114 193 175 39 187 74 32 ]
The best fo for this population is: 29.00000000

===POPULATION GEN 263===
Best individual(s) found in the population:
[ 86 105 47 170 64 132 107 182 6 173 21 91 96 103 167 29 94 142 195 90 36 59 141 121 26 189 79 88 84 163 33 54 143 116 122 41 10 38 101 118 140 100 5 92 147 181 27 81 73 157 145 80 165 134 45 152 104 30 82 48 179 148 126 162 144 139 1 191 24 8 31 56 184 115 68 168 151 192 194 17 138 93 11 174 67 52 137 63 97 135 35 78 159 183 0 186 14 119 55 87 66 120 196 171 15 57 40 23 16 69 199 60 7 42 180 172 4 19 72 158 113 190 128 150 155 146 102 25 154 176 34 71 197 129 112 185 125 83 44 62 98 12 95 161 149 178 76 37 49 61 46 51 53 153 13 156 160 85 22 130 110 58 50 77 177 169 131 111 2 124 89 70 28 20 117 108 127 133 164 188 3 18 65 136 166 9 99 109 198 106 75 43 123 114 193 175 39 187 74 32 ]
The best fo for this population is: 28.00000000

===POPULATION GEN 286===
Best individual(s) found in the population:
[ 86 105 47 170 64 132 107 182 6 173 21 91 96 103 167 29 94 142 195 90 36 59 141 121 26 189 79 88 84 163 33 54 143 116 122 41 10 38 101 118 140 100 5 92 147 181 27 81 73 157 145 80 165 134 45 152 104 30 82 48 179 148 126 162 144 139 1 191 24 8 31 56 184 115 68 168 151 192 194 17 138 93 11 174 67 52 137 63 97 135 35 78 159 183 0 186 14 119 55 87 66 120 196 171 15 57 40 23 16 69 199 60 7 42 180 172 4 19 72 158 113 190 128 150 155 146 102 25 154 176 34 71 197 129 112 185 125 83 44 62 98 12 95 161 149 178 76 37 49 61 46 51 53 153 13 175 160 85 156 130 110 58 50 77 177 169 131 111 2 124 89 70 28 20 117 108 127 133 164 188 3 18 65 136 166 9 99 109 198 106 75 43 123 114 193 22 39 187 74 32 ]
The best fo for this population is: 27.00000000

===POPULATION GEN 305===
Best individual(s) found in the population:
[ 86 105 47 170 64 132 107 182 6 173 21 91 96 103 167 29 94 142 195 90 36 59 141 121 26 189 79 88 84 163 33 54 143 116 122 41 10 38 101 118 140 100 5 92 147 181 27 81 73 157 145 80 165 134 45 152 104 30 82 48 179 148 126 162 144 139 1 191 24 8 31 56 184 115 68 168 151 192 194 17 138 93 11 174 67 52 137 63 97 135 35 78 159 183 0 186 37 119 55 87 66 120 196 171 15 57 40 23 16 69 199 60 7 42 180 172 4 19 72 158 113 190 128 150 155 146 102 25 154 176 34 71 197 129 112 185 125 83 44 62 98 12 95 161 149 178 76 14 49 61 46 51 53 153 13 175 160 85 156 130 110 58 50 77 177 169 131 111 2 124 89 70 28 20 117 108 127 133 164 188 3 18 65 136 166 9 99 109 198 106 75 43 123 114 193 22 39 187 74 32 ]
The best fo for this population is: 26.00000000

===POPULATION GEN 308===
Best individual(s) found in the population:
[ 86 105 47 170 64 132 107 182 6 173 21 91 96 103 167 29 94 142 195 90 36 59 141 121 26 189 79 88 84 163 33 54 143 116 122 41 10 38 101 118 140 100 5 92 147 181 27 81 73 157 145 80 165 134 45 152 104 30 82 48 179 148 126 162 144 139 1 191 24 8 31 56 184 115 68 168 151 192 194 17 138 93 11 174 67 52 137 63 97 135 35 78 159 183 0 186 37 119 55 87 66 120 196 171 15 57 40 23 16 69 199 60 7 42 180 172 4 19 72 158 113 190 128 150 155 146 102 25 154 176 34 71 197 129 112 185 125 83 44 62 98 12 95 161 149 178 76 14 49 61 46 188 53 153 13 175 160 85 156 130 110 58 50 77 177 169 131 111 2 124 89 70 28 20 117 108 127 133 164 51 3 18 65 136 166 9 99 109 198 106 75 43 123 114 193 22 39 187 74 32 ]
The best fo for this population is: 24.00000000

===POPULATION GEN 321===
Best individual(s) found in the population:
[ 86 105 47 170 64 132 107 182 6 173 21 91 96 103 167 29 94 142 195 90 36 59 141 121 26 189 79 88 84 163 33 54 143 116 122 41 10 38 101 118 140 100 5 92 147 181 27 81 73 157 145 80 165 134 45 152 104 30 82 48 179 148 126 162 144 139 1 191 24 8 31 56 184 115 68 168 151 192 50 17 138 93 11 174 67 52 137 63 97 135 35 78 159 183 0 186 37 119 55 87 66 120 196 171 15 57 40 23 16 69 199 60 7 42 180 172 4 19 72 158 113 190 128 150 155 146 102 25 154 176 34 71 197 129 112 185 125 83 44 62 98 12 95 161 149 178 76 14 49 61 46 188 53 153 13 175 160 85 156 130 110 58 194 77 177 169 131 111 2 124 89 70 28 20 117 108 127 133 164 51 3 18 65 136 166 9 99 109 198 106 75 43 123 114 193 22 39 187 74 32 ]
The best fo for this population is: 23.00000000

===POPULATION GEN 349===
Best individual(s) found in the population:
[ 86 105 47 170 64 132 107 182 173 6 21 91 96 103 167 29 94 142 195 90 36 59 141 121 26 189 79 88 84 163 33 54 143 115 122 41 10 38 101 118 140 100 5 92 147 181 27 81 73 157 145 80 165 134 45 152 104 30 82 48 179 148 126 162 191 139 1 144 24 8 31 56 184 116 68 168 151 192 50 17 138 93 11 174 67 52 137 63 97 135 35 78 159 183 0 186 37 119 55 87 66 120 196 171 15 57 40 23 16 69 199 60 7 42 180 172 4 19 72 158 113 190 128 150 155 146 102 25 154 176 34 71 197 129 112 185 125 83 44 62 98 12 95 161 149 178 76 14 49 61 46 188 53 153 13 175 160 85 156 130 110 58 194 77 177 169 131 111 2 124 89 70 28 20 117 108 22 133 164 51 18 3 65 136 166 9 99 109 198 106 75 43 123 114 193 127 39 187 74 32 ]
The best fo for this population is: 21.00000000

===POPULATION GEN 435===
Best individual(s) found in the population:
[ 86 105 47 170 64 39 107 182 169 6 21 91 96 103 167 29 94 142 195 90 0 59 141 121 26 189 79 88 84 163 33 54 143 115 122 41 10 38 101 118 140 100 5 92 147 181 27 81 73 157 145 80 165 134 45 152 104 30 82 179 19 148 126 162 191 139 1 144 24 8 31 56 184 116 68 168 151 192 50 17 138 93 11 174 67 52 137 63 97 135 35 78 159 183 36 186 37 119 55 87 66 120 196 171 15 57 40 23 16 69 199 60 7 42 180 172 4 48 72 158 113 190 128 150 155 146 102 25 154 176 34 71 197 129 112 185 125 83 44 62 98 12 95 161 149 178 76 14 49 61 46 188 53 153 13 175 160 85 156 130 110 58 194 77 177 173 131 111 2 124 89 70 28 20 117 108 22 133 164 51 18 3 65 136 166 9 99 109 198 106 75 43 123 114 193 127 132 187 74 32 ]
The best fo for this population is: 19.00000000

===POPULATION GEN 464===
Best individual(s) found in the population:
[ 86 105 47 170 64 158 107 182 169 6 21 91 96 103 167 29 94 142 195 90 0 59 127 121 26 189 79 88 84 163 33 54 143 115 122 41 10 38 101 118 140 100 5 92 147 181 27 81 73 157 145 80 165 134 45 152 104 30 82 179 19 148 126 162 191 139 1 144 24 8 31 56 184 116 68 168 151 192 50 188 138 93 11 174 67 52 137 63 97 135 35 78 159 183 36 186 37 119 55 87 66 120 196 171 15 57 40 23 16 69 199 60 7 42 180 172 4 48 72 39 113 190 128 150 155 146 102 25 154 176 34 71 197 129 112 185 125 83 44 62 98 12 95 161 149 178 76 14 49 61 46 17 136 153 13 175 160 85 156 130 110 58 194 77 177 173 131 111 2 124 89 70 28 20 117 108 22 133 164 51 18 3 65 53 166 9 99 109 198 106 75 43 123 114 193 141 132 187 74 32 ]
The best fo for this population is: 17.00000000

===POPULATION GEN 566===
Best individual(s) found in the population:
[ 86 105 47 170 64 81 107 182 169 6 21 91 96 103 167 29 94 142 195 90 0 59 127 121 26 189 79 88 84 163 33 54 143 115 122 41 10 38 101 118 140 100 5 92 147 181 27 158 73 157 145 80 165 134 45 152 104 30 82 179 22 148 126 162 191 139 1 144 24 8 31 56 184 116 68 168 151 192 50 188 138 93 11 174 67 52 137 63 97 135 35 78 159 183 36 186 37 119 55 87 66 120 196 171 15 57 123 23 16 69 199 60 7 42 180 172 4 48 72 39 113 190 128 150 155 146 133 25 154 176 34 71 197 129 112 185 125 83 44 62 98 12 95 161 149 178 76 14 49 61 46 17 136 153 13 175 160 85 156 130 110 58 194 77 177 173 131 111 2 124 89 70 28 20 117 108 19 102 164 51 18 3 65 53 166 9 99 109 198 106 75 43 40 114 193 141 132 187 74 32 ]
The best fo for this population is: 16.00000000

===POPULATION GEN 619===
Best individual(s) found in the population:
[ 86 105 47 170 64 81 107 182 169 6 21 91 96 103 167 29 94 142 195 90 0 59 127 121 26 189 79 88 84 163 33 54 143 115 122 41 10 38 101 118 140 100 5 92 147 181 27 158 73 157 145 80 165 134 45 152 104 30 82 179 22 148 126 162 191 139 1 144 24 8 31 56 184 116 68 168 151 192 50 149 138 93 11 174 67 52 137 63 97 135 35 78 159 183 36 186 37 119 55 87 66 120 196 171 15 57 123 23 16 69 199 60 7 42 180 172 4 48 72 39 113 190 128 150 155 146 133 25 154 176 34 71 197 129 112 185 125 83 44 62 98 12 95 161 19 178 76 14 49 61 46 17 136 153 13 175 160 85 156 130 110 58 194 77 177 173 131 111 2 124 89 70 28 20 117 108 188 102 164 51 18 3 65 53 166 9 99 109 198 106 75 43 40 114 193 141 132 187 74 32 ]
The best fo for this population is: 15.00000000

===POPULATION GEN 733===
Best individual(s) found in the population:
[ 86 105 47 170 64 112 107 182 169 6 21 91 96 103 167 29 94 142 195 90 0 59 127 189 26 121 79 88 84 163 33 54 143 115 122 41 10 38 101 118 140 100 5 92 147 181 27 158 73 157 145 80 165 134 45 152 104 30 82 179 22 148 126 162 191 139 1 144 24 8 31 56 184 116 68 168 151 192 50 149 138 93 11 174 67 52 137 63 97 135 35 78 159 183 36 186 37 119 55 87 66 120 196 171 15 57 123 23 16 69 199 60 7 42 180 172 4 48 72 39 113 190 128 150 155 146 133 25 154 176 34 71 197 129 81 185 125 83 44 62 98 12 95 161 19 178 76 14 49 61 46 17 136 153 13 175 160 85 156 130 110 58 194 77 177 173 131 111 2 124 89 70 28 20 117 108 188 102 164 51 18 3 65 53 166 9 99 109 198 106 75 43 40 114 193 141 132 187 74 32 ]
The best fo for this population is: 14.00000000

===POPULATION GEN 1280===
Best individual(s) found in the population:
[ 145 105 47 170 64 112 83 182 169 6 21 91 96 103 167 29 94 142 195 90 183 59 127 189 26 121 79 88 84 163 33 54 143 115 122 164 10 38 101 118 140 100 5 92 147 181 27 158 73 157 86 80 165 134 45 152 104 30 82 179 22 20 126 162 191 139 1 144 24 8 31 56 184 116 68 168 151 192 50 188 138 93 11 174 67 52 137 63 97 135 35 78 159 0 36 186 37 119 55 87 66 120 196 171 15 57 123 23 16 69 199 60 7 42 180 172 4 48 72 39 113 190 128 150 155 146 133 25 154 176 34 71 197 129 81 185 125 107 44 62 98 12 95 161 19 178 76 14 49 61 46 17 136 153 13 175 160 85 156 130 110 58 177 77 194 173 131 111 2 124 89 70 28 148 117 108 149 32 41 51 18 3 65 53 166 9 99 109 198 106 75 40 43 114 193 141 132 187 74 102 ]
The best fo for this population is: 13.00000000

===POPULATION GEN 1397===
Best individual(s) found in the population:
[ 145 105 47 170 64 112 83 98 169 6 21 91 96 103 167 29 94 133 195 90 183 59 127 189 26 121 79 88 84 163 33 54 143 115 122 164 10 38 101 118 140 100 5 92 147 181 27 158 73 157 86 80 165 134 45 152 104 15 82 179 22 20 126 162 191 139 1 144 24 8 31 56 184 116 68 168 151 192 50 188 138 93 11 7 67 52 137 63 97 135 35 78 159 0 36 186 37 119 55 87 66 28 196 171 30 57 123 23 16 69 199 60 174 42 180 172 4 48 72 39 113 2 128 150 155 146 142 25 154 176 34 71 197 129 81 185 125 107 44 62 182 12 95 161 19 178 76 14 49 61 46 17 136 153 13 175 160 85 156 130 110 58 177 77 194 173 131 111 190 124 89 70 120 148 117 108 149 32 41 51 18 3 65 53 166 9 99 109 198 106 75 40 43 114 193 141 132 187 74 102 ]
The best fo for this population is: 12.00000000

===POPULATION GEN 1484===
Best individual(s) found in the population:
[ 145 105 47 170 64 112 83 98 169 6 21 91 96 103 167 29 94 133 195 90 183 59 127 63 26 121 79 88 84 163 33 54 143 115 122 164 10 38 101 118 140 100 5 92 147 181 27 158 12 157 86 80 165 134 45 152 104 15 82 179 22 20 126 162 191 139 1 144 24 8 31 56 184 116 68 168 151 192 50 188 138 93 11 7 67 52 137 189 97 135 35 78 159 0 36 186 37 119 55 87 66 28 196 171 30 57 123 23 16 69 199 60 174 42 180 172 4 48 72 39 2 113 128 150 155 146 142 25 154 176 34 71 197 129 81 185 125 107 44 62 182 73 95 161 19 178 76 14 49 61 46 17 136 153 13 175 160 85 156 130 110 58 177 77 194 173 131 111 190 124 89 70 120 148 117 108 149 32 41 51 18 3 65 53 166 9 99 109 198 106 75 40 43 114 193 141 132 187 74 102 ]
The best fo for this population is: 10.00000000

===POPULATION GEN 1519===
Best individual(s) found in the population:
[ 145 105 47 170 64 112 83 98 169 6 21 91 96 103 167 29 94 133 195 90 183 59 127 63 26 121 79 88 84 163 33 54 143 115 122 164 10 38 101 118 140 100 5 92 147 181 27 158 12 157 86 80 165 134 45 152 104 15 82 179 22 20 126 162 191 139 1 144 24 8 31 56 184 116 68 168 151 192 50 188 138 93 11 7 67 52 137 189 97 135 35 78 159 0 36 186 37 119 55 87 66 28 196 171 30 57 123 23 16 69 199 60 174 42 180 172 4 48 72 39 2 113 128 150 155 146 142 25 154 176 34 71 197 129 81 185 125 107 44 62 182 73 95 161 19 178 76 14 49 61 46 17 136 153 13 175 160 85 156 130 110 58 177 77 194 173 131 111 53 124 89 70 120 148 117 108 149 32 41 51 18 3 65 190 166 9 99 109 198 106 75 40 43 114 193 141 132 187 74 102 ]
The best fo for this population is: 9.00000000

===POPULATION GEN 1523===
Best individual(s) found in the population:
[ 145 105 47 170 64 112 83 98 169 6 21 91 96 103 167 29 94 133 195 90 183 59 127 63 26 121 79 88 84 163 33 54 143 115 122 164 10 38 101 118 140 100 5 92 147 181 27 158 12 157 86 80 165 134 45 152 104 15 82 179 22 20 126 162 191 139 1 144 24 8 31 56 184 11 68 168 151 192 50 188 138 93 116 7 67 52 137 189 97 135 35 78 159 0 36 186 37 119 55 87 66 28 196 171 30 57 123 23 16 69 199 60 174 42 180 172 4 48 72 39 2 113 128 150 155 146 142 25 154 176 34 71 197 129 81 185 125 107 44 62 182 73 95 161 19 178 76 14 49 61 46 17 136 153 13 175 160 85 156 130 110 58 177 77 194 173 131 111 53 124 89 70 120 148 117 108 149 32 41 51 18 3 65 190 166 9 99 109 198 106 75 40 43 114 193 141 132 187 74 102 ]
The best fo for this population is: 8.00000000

===POPULATION GEN 1640===
Best individual(s) found in the population:
[ 145 105 47 170 64 112 83 125 169 6 21 91 96 103 167 29 94 133 195 90 183 59 127 63 26 121 79 88 84 163 33 54 143 115 122 164 10 38 101 118 140 100 5 92 147 181 27 158 12 157 86 80 165 134 45 152 104 15 82 179 22 20 126 162 191 139 1 144 24 8 31 56 184 11 68 168 151 192 50 188 138 93 116 7 67 52 137 189 97 135 35 78 159 0 36 186 37 119 55 87 66 28 196 171 30 57 123 23 16 69 199 60 174 42 180 172 4 48 72 39 2 113 128 150 155 146 142 25 154 176 14 71 197 129 81 185 177 107 44 62 182 73 95 161 19 178 76 34 49 61 46 17 136 153 13 175 160 85 156 130 110 3 98 77 194 173 131 111 53 124 89 70 120 148 117 108 149 32 41 51 18 58 65 190 166 9 99 109 198 106 75 40 43 114 193 141 132 187 74 102 ]
The best fo for this population is: 7.00000000

===POPULATION GEN 2326===
Best individual(s) found in the population:
[ 145 105 47 170 64 112 153 125 169 6 21 91 96 103 167 29 94 133 195 90 183 59 127 63 26 121 79 88 84 163 33 54 87 115 122 164 10 38 101 118 140 75 5 92 147 181 27 158 12 157 86 80 89 134 45 152 104 15 82 179 22 20 126 162 191 139 1 144 24 8 31 56 184 11 68 168 151 192 50 188 138 93 177 7 67 52 137 189 97 135 35 78 159 0 146 186 37 119 55 143 66 28 196 171 30 57 123 23 16 69 199 60 174 42 180 172 4 48 72 39 2 113 128 150 155 36 142 25 154 176 14 71 197 129 81 185 116 107 44 62 182 73 95 161 19 178 76 34 49 61 46 17 136 83 13 175 160 85 156 130 110 3 98 77 194 173 131 111 53 124 165 70 120 148 117 108 149 32 41 51 18 58 65 190 166 9 99 109 198 106 100 40 43 114 193 141 132 187 74 102 ]
The best fo for this population is: 6.00000000

===POPULATION GEN 2419===
Best individual(s) found in the population:
[ 145 105 47 170 64 112 153 125 169 6 21 91 96 103 198 29 94 133 195 90 183 59 127 63 26 121 79 88 84 163 58 54 87 115 122 164 10 38 101 118 140 75 5 92 147 181 27 158 12 157 86 80 89 134 45 152 104 15 82 179 22 20 126 162 191 139 1 144 24 8 31 56 184 11 68 168 151 192 50 188 138 93 177 7 67 52 137 189 97 135 35 78 159 0 76 186 37 119 55 143 66 28 196 171 30 57 123 23 16 69 199 60 174 42 180 172 4 48 72 39 2 113 128 150 155 36 142 25 154 176 14 71 197 129 81 185 116 107 44 62 182 73 95 161 19 178 146 34 49 61 46 17 136 83 13 175 160 85 156 130 110 3 148 77 194 173 131 111 53 124 165 70 120 98 117 108 149 32 41 51 18 33 65 190 166 9 99 109 167 106 100 40 43 114 193 141 132 187 74 102 ]
The best fo for this population is: 5.00000000

===POPULATION GEN 2795===
Best individual(s) found in the population:
[ 145 105 56 170 64 112 153 125 169 6 21 91 96 103 198 29 94 133 195 90 183 59 127 63 26 121 79 88 84 163 58 54 87 115 53 164 10 38 101 118 140 75 5 92 147 181 61 158 172 157 86 80 89 134 45 152 104 15 82 179 22 20 126 162 191 139 1 144 24 8 31 47 184 11 68 168 151 192 50 188 138 93 177 7 67 52 137 189 97 135 35 78 159 0 76 186 37 119 55 143 66 28 196 171 30 57 123 23 16 69 199 60 174 42 180 12 4 48 72 39 2 113 128 150 155 36 142 25 154 176 14 71 197 129 81 185 116 107 44 62 182 73 95 161 19 178 146 34 49 27 46 17 136 83 13 175 160 85 156 130 110 3 148 77 194 173 131 111 18 124 165 70 120 98 117 108 149 32 41 51 122 166 65 190 33 9 99 109 167 106 100 40 43 114 193 141 132 187 74 102 ]
The best fo for this population is: 4.00000000

===POPULATION GEN 2986===
Best individual(s) found in the population:
[ 145 105 56 170 64 112 138 125 169 6 21 91 96 146 59 29 4 133 195 90 183 73 127 63 26 121 79 88 84 163 58 54 87 115 53 164 10 38 101 118 140 75 5 92 147 181 61 158 172 157 86 80 89 134 45 152 104 15 82 179 22 20 126 162 74 139 187 144 24 8 31 47 184 11 68 168 151 192 50 188 153 93 177 7 67 52 137 189 97 135 35 78 159 0 76 186 37 119 55 143 66 28 196 171 30 57 123 23 16 69 199 60 174 42 180 12 94 48 72 39 2 113 128 150 155 36 142 25 154 176 14 71 197 129 81 185 116 107 44 62 182 198 95 161 19 178 103 34 49 40 46 17 136 83 13 175 160 85 156 130 110 3 148 77 194 173 131 111 18 124 165 70 120 98 117 108 149 32 41 51 122 166 65 190 33 9 99 109 167 106 100 27 43 114 193 141 132 1 191 102 ]
The best fo for this population is: 3.00000000

===POPULATION GEN 4231===
Best individual(s) found in the population:
[ 145 105 56 170 64 112 138 125 169 94 21 91 96 146 59 29 54 133 195 90 183 73 127 191 26 121 79 88 84 163 58 66 87 115 53 164 10 38 101 118 8 75 5 92 147 14 61 158 172 157 86 2 89 134 45 152 104 15 82 179 22 20 126 162 74 139 187 144 24 143 31 47 184 11 68 168 151 192 50 188 153 93 177 7 67 52 137 189 97 135 35 78 159 0 76 186 37 119 111 140 4 28 196 171 30 57 123 23 16 149 199 60 174 42 180 12 6 48 72 39 80 113 128 150 155 36 142 25 154 176 181 71 197 129 81 185 116 107 44 62 182 198 95 161 19 178 103 34 49 40 46 17 136 83 13 175 160 85 156 130 110 32 165 77 194 173 131 55 18 124 148 70 120 98 117 108 69 3 41 51 122 166 65 190 33 9 99 109 167 106 100 27 43 114 193 141 132 1 63 102 ]
The best fo for this population is: 2.00000000

===POPULATION GEN 5263===
Best individual(s) found in the population:
[ 145 105 56 170 64 112 138 125 169 94 21 91 96 146 59 29 54 133 160 90 183 73 127 191 26 121 79 88 84 163 58 66 87 115 53 164 10 38 190 118 8 75 32 92 147 14 61 158 172 157 86 2 89 134 167 152 104 15 82 179 22 20 126 162 74 139 187 144 24 143 31 47 184 11 68 168 151 192 50 188 153 93 16 7 67 52 137 189 97 135 35 78 159 0 76 186 37 119 111 140 4 28 196 171 30 57 123 23 177 149 199 99 174 42 180 12 6 48 72 39 80 113 128 150 155 36 142 25 154 176 45 71 197 129 81 185 116 107 44 62 182 198 95 161 19 178 103 34 49 40 46 17 136 83 13 175 195 85 156 130 110 5 165 77 194 173 131 55 18 124 148 70 120 98 117 108 69 3 41 51 122 166 65 101 33 9 60 109 181 106 100 27 43 114 193 141 132 1 63 102 ]
The best fo for this population is: 1.00000000

===POPULATION GEN 12005===
Best individual(s) found in the population:
[ 131 105 56 177 15 112 138 125 103 68 132 91 96 7 59 143 54 133 160 90 183 73 127 146 5 121 79 88 51 26 58 66 87 115 53 55 6 28 190 118 8 75 32 92 147 14 61 77 172 27 86 2 89 74 167 152 104 64 82 179 22 151 126 162 134 139 187 144 24 186 195 47 184 50 39 168 20 192 166 188 65 93 16 191 67 52 137 189 97 135 35 23 159 10 76 153 70 198 111 140 4 38 196 102 30 57 123 31 170 149 199 99 169 42 180 119 194 48 72 94 80 60 128 150 155 36 142 1 154 176 45 71 197 129 81 185 116 46 44 33 182 12 95 161 19 178 25 29 49 40 107 17 136 83 0 148 181 85 156 130 110 163 165 158 193 173 11 108 18 124 175 106 120 98 117 164 69 63 41 84 122 145 174 9 62 101 113 109 78 37 100 157 43 13 114 141 21 34 3 171 ]
The best fo for this population is: 0.00000000


After 12005 iterations this is the best fo found!! Good for you!
Best individual(s) found through all iters:
[ 131 105 56 177 15 112 138 125 103 68 132 91 96 7 59 143 54 133 160 90 183 73 127 146 5 121 79 88 51 26 58 66 87 115 53 55 6 28 190 118 8 75 32 92 147 14 61 77 172 27 86 2 89 74 167 152 104 64 82 179 22 151 126 162 134 139 187 144 24 186 195 47 184 50 39 168 20 192 166 188 65 93 16 191 67 52 137 189 97 135 35 23 159 10 76 153 70 198 111 140 4 38 196 102 30 57 123 31 170 149 199 99 169 42 180 119 194 48 72 94 80 60 128 150 155 36 142 1 154 176 45 71 197 129 81 185 116 46 44 33 182 12 95 161 19 178 25 29 49 40 107 17 136 83 0 148 181 85 156 130 110 163 165 158 193 173 11 108 18 124 175 106 120 98 117 164 69 63 41 84 122 145 174 9 62 101 113 109 78 37 100 157 43 13 114 141 21 34 3 171 ]
The best fo value found through all iters: 0.00000000
Time taken for the algorithm to complete:
20.717770 seconds